8560000800
8560000801
8560000802
8560000803
8560000804
8560000805
8560000806
8560000807
8560000808
8560000809
8560000810
8560000811
8560000812
8560000813
8560000814
8560000815
8560000816
8560000817
8560000818
8560000819
8560000820
8560000821
8560000822
8560000823
8560000824
8560000825
8560000826
8560000827
8560000828
8560000829
8560000830
8560000831
8560000832
8560000833
8560000834
8560000835
8560000836
8560000837
8560000838
8560000839
8560000840
8560000841
8560000842
8560000843
8560000844
8560000845
8560000846
8560000847
8560000848
8560000849
8560000850
8560000851
8560000852
8560000853
8560000854
8560000855
8560000856
8560000857
8560000858
8560000859
8560000860
8560000861
8560000862
8560000863
8560000864
8560000865
8560000866
8560000867
8560000868
8560000869
8560000870
8560000871
8560000872
8560000873
8560000874
8560000875
8560000876
8560000877
8560000878
8560000879
8560000880
8560000881
8560000882
8560000883
8560000884
8560000885
8560000886
8560000887
8560000888
8560000889
8560000890
8560000891
8560000892
8560000893
8560000894
8560000895
8560000896
8560000897
8560000898
8560000899
8560000900
8560000901
8560000902
8560000903
8560000904
8560000905
8560000906
8560000907
8560000908
8560000909
8560000910
8560000911
8560000912
8560000913
8560000914
8560000915
8560000916
8560000917
8560000918
8560000919
8560000920
8560000921
8560000922
8560000923
8560000924
8560000925
8560000926
8560000927
8560000928
8560000929
8560000930
8560000931
8560000932
8560000933
8560000934
8560000935
8560000936
8560000937
8560000938
8560000939
8560000940
8560000941
8560000942
8560000943
8560000944
8560000945
8560000946
8560000947
8560000948
8560000949
8560000950
8560000951
8560000952
8560000953
8560000954
8560000955
8560000956
8560000957
8560000958
8560000959
8560000960
8560000961
8560000962
8560000963
8560000964
8560000965
8560000966
8560000967
8560000968
8560000969
8560000970
8560000971
8560000972
8560000973
8560000974
8560000975
8560000976
8560000977
8560000978
8560000979
8560000980
8560000981
8560000982
8560000983
8560000984
8560000985
8560000986
8560000987
8560000988
8560000989
8560000990
8560000991
8560000992
8560000993
8560000994
8560000995
8560000996
8560000997
8560000998
8560000999
85699000000
85699000001
85699000002
85699000003
85699000004
85699000005
85699000006
85699000007
85699000008
85699000009
85699000010
85699000011
85699000012
85699000013
85699000014
85699000015
85699000016
85699000017
85699000018
85699000019
85699000020
85699000021
85699000022
85699000023
85699000024
85699000025
85699000026
85699000027
85699000028
85699000029
85699000030
85699000031
85699000032
85699000033
85699000034
85699000035
85699000036
85699000037
85699000038
85699000039
85699000040
85699000041
85699000042
85699000043
85699000044
85699000045
85699000046
85699000047
85699000048
85699000049
85699000050
85699000051
85699000052
85699000053
85699000054
85699000055
85699000056
85699000057
85699000058
85699000059
85699000060
85699000061
85699000062
85699000063
85699000064
85699000065
85699000066
85699000067
85699000068
85699000069
85699000070
85699000071
85699000072
85699000073
85699000074
85699000075
85699000076
85699000077
85699000078
85699000079
85699000080
85699000081
85699000082
85699000083
85699000084
85699000085
85699000086
85699000087
85699000088
85699000089
85699000090
85699000091
85699000092
85699000093
85699000094
85699000095
85699000096
85699000097
85699000098
85699000099
85699000100
85699000101
85699000102
85699000103
85699000104
85699000105
85699000106
85699000107
85699000108
85699000109
85699000110
85699000111
85699000112
85699000113
85699000114
85699000115
85699000116
85699000117
85699000118
85699000119
85699000120
85699000121
85699000122
85699000123
85699000124
85699000125
85699000126
85699000127
85699000128
85699000129
85699000130
85699000131
85699000132
85699000133
85699000134
85699000135
85699000136
85699000137
85699000138
85699000139
85699000140
85699000141
85699000142
85699000143
85699000144
85699000145
85699000146
85699000147
85699000148
85699000149
85699000150
85699000151
85699000152
85699000153
85699000154
85699000155
85699000156
85699000157
85699000158
85699000159
85699000160
85699000161
85699000162
85699000163
85699000164
85699000165
85699000166
85699000167
85699000168
85699000169
85699000170
85699000171
85699000172
85699000173
85699000174
85699000175
85699000176
85699000177
85699000178
85699000179
85699000180
85699000181
85699000182
85699000183
85699000184
85699000185
85699000186
85699000187
85699000188
85699000189
85699000190
85699000191
85699000192
85699000193
85699000194
85699000195
85699000196
85699000197
85699000198
85699000199
85699000200
85699000201
85699000202
85699000203
85699000204
85699000205
85699000206
85699000207
85699000208
85699000209
85699000210
85699000211
85699000212
85699000213
85699000214
85699000215
85699000216
85699000217
85699000218
85699000219
85699000220
85699000221
85699000222
85699000223
85699000224
85699000225
85699000226
85699000227
85699000228
85699000229
85699000230
85699000231
85699000232
85699000233
85699000234
85699000235
85699000236
85699000237
85699000238
85699000239
85699000240
85699000241
85699000242
85699000243
85699000244
85699000245
85699000246
85699000247
85699000248
85699000249
85699000250
85699000251
85699000252
85699000253
85699000254
85699000255
85699000256
85699000257
85699000258
85699000259
85699000260
85699000261
85699000262
85699000263
85699000264
85699000265
85699000266
85699000267
85699000268
85699000269
85699000270
85699000271
85699000272
85699000273
85699000274
85699000275
85699000276
85699000277
85699000278
85699000279
85699000280
85699000281
85699000282
85699000283
85699000284
85699000285
85699000286
85699000287
85699000288
85699000289
85699000290
85699000291
85699000292
85699000293
85699000294
85699000295
85699000296
85699000297
85699000298
85699000299
85699000300
85699000301
85699000302
85699000303
85699000304
85699000305
85699000306
85699000307
85699000308
85699000309
85699000310
85699000311
85699000312
85699000313
85699000314
85699000315
85699000316
85699000317
85699000318
85699000319
85699000320
85699000321
85699000322
85699000323
85699000324
85699000325
85699000326
85699000327
85699000328
85699000329
85699000330
85699000331
85699000332
85699000333
85699000334
85699000335
85699000336
85699000337
85699000338
85699000339
85699000340
85699000341
85699000342
85699000343
85699000344
85699000345
85699000346
85699000347
85699000348
85699000349
85699000350
85699000351
85699000352
85699000353
85699000354
85699000355
85699000356
85699000357
85699000358
85699000359
85699000360
85699000361
85699000362
85699000363
85699000364
85699000365
85699000366
85699000367
85699000368
85699000369
85699000370
85699000371
85699000372
85699000373
85699000374
85699000375
85699000376
85699000377
85699000378
85699000379
85699000380
85699000381
85699000382
85699000383
85699000384
85699000385
85699000386
85699000387
85699000388
85699000389
85699000390
85699000391
85699000392
85699000393
85699000394
85699000395
85699000396
85699000397
85699000398
85699000399
85699000400
85699000401
85699000402
85699000403
85699000404
85699000405
85699000406
85699000407
85699000408
85699000409
85699000410
85699000411
85699000412
85699000413
85699000414
85699000415
85699000416
85699000417
85699000418
85699000419
85699000420
85699000421
85699000422
85699000423
85699000424
85699000425
85699000426
85699000427
85699000428
85699000429
85699000430
85699000431
85699000432
85699000433
85699000434
85699000435
85699000436
85699000437
85699000438
85699000439
85699000440
85699000441
85699000442
85699000443
85699000444
85699000445
85699000446
85699000447
85699000448
85699000449
85699000450
85699000451
85699000452
85699000453
85699000454
85699000455
85699000456
85699000457
85699000458
85699000459
85699000460
85699000461
85699000462
85699000463
85699000464
85699000465
85699000466
85699000467
85699000468
85699000469
85699000470
85699000471
85699000472
85699000473
85699000474
85699000475
85699000476
85699000477
85699000478
85699000479
85699000480
85699000481
85699000482
85699000483
85699000484
85699000485
85699000486
85699000487
85699000488
85699000489
85699000490
85699000491
85699000492
85699000493
85699000494
85699000495
85699000496
85699000497
85699000498
85699000499
85699000500
85699000501
85699000502
85699000503
85699000504
85699000505
85699000506
85699000507
85699000508
85699000509
85699000510
85699000511
85699000512
85699000513
85699000514
85699000515
85699000516
85699000517
85699000518
85699000519
85699000520
85699000521
85699000522
85699000523
85699000524
85699000525
85699000526
85699000527
85699000528
85699000529
85699000530
85699000531
85699000532
85699000533
85699000534
85699000535
85699000536
85699000537
85699000538
85699000539
85699000540
85699000541
85699000542
85699000543
85699000544
85699000545
85699000546
85699000547
85699000548
85699000549
85699000550
85699000551
85699000552
85699000553
85699000554
85699000555
85699000556
85699000557
85699000558
85699000559
85699000560
85699000561
85699000562
85699000563
85699000564
85699000565
85699000566
85699000567
85699000568
85699000569
85699000570
85699000571
85699000572
85699000573
85699000574
85699000575
85699000576
85699000577
85699000578
85699000579
85699000580
85699000581
85699000582
85699000583
85699000584
85699000585
85699000586
85699000587
85699000588
85699000589
85699000590
85699000591
85699000592
85699000593
85699000594
85699000595
85699000596
85699000597
85699000598
85699000599
85699000600
85699000601
85699000602
85699000603
85699000604
85699000605
85699000606
85699000607
85699000608
85699000609
85699000610
85699000611
85699000612
85699000613
85699000614
85699000615
85699000616
85699000617
85699000618
85699000619
85699000620
85699000621
85699000622
85699000623
85699000624
85699000625
85699000626
85699000627
85699000628
85699000629
85699000630
85699000631
85699000632
85699000633
85699000634
85699000635
85699000636
85699000637
85699000638
85699000639
85699000640
85699000641
85699000642
85699000643
85699000644
85699000645
85699000646
85699000647
85699000648
85699000649
85699000650
85699000651
85699000652
85699000653
85699000654
85699000655
85699000656
85699000657
85699000658
85699000659
85699000660
85699000661
85699000662
85699000663
85699000664
85699000665
85699000666
85699000667
85699000668
85699000669
85699000670
85699000671
85699000672
85699000673
85699000674
85699000675
85699000676
85699000677
85699000678
85699000679
85699000680
85699000681
85699000682
85699000683
85699000684
85699000685
85699000686
85699000687
85699000688
85699000689
85699000690
85699000691
85699000692
85699000693
85699000694
85699000695
85699000696
85699000697
85699000698
85699000699
85699000700
85699000701
85699000702
85699000703
85699000704
85699000705
85699000706
85699000707
85699000708
85699000709
85699000710
85699000711
85699000712
85699000713
85699000714
85699000715
85699000716
85699000717
85699000718
85699000719
85699000720
85699000721
85699000722
85699000723
85699000724
85699000725
85699000726
85699000727
85699000728
85699000729
85699000730
85699000731
85699000732
85699000733
85699000734
85699000735
85699000736
85699000737
85699000738
85699000739
85699000740
85699000741
85699000742
85699000743
85699000744
85699000745
85699000746
85699000747
85699000748
85699000749
85699000750
85699000751
85699000752
85699000753
85699000754
85699000755
85699000756
85699000757
85699000758
85699000759
85699000760
85699000761
85699000762
85699000763
85699000764
85699000765
85699000766
85699000767
85699000768
85699000769
85699000770
85699000771
85699000772
85699000773
85699000774
85699000775
85699000776
85699000777
85699000778
85699000779
85699000780
85699000781
85699000782
85699000783
85699000784
85699000785
85699000786
85699000787
85699000788
85699000789
85699000790
85699000791
85699000792
85699000793
85699000794
85699000795
85699000796
85699000797
85699000798
85699000799
85699000800
85699000801
85699000802
85699000803
85699000804
85699000805
85699000806
85699000807
85699000808
85699000809
85699000810
85699000811
85699000812
85699000813
85699000814
85699000815
85699000816
85699000817
85699000818
85699000819
85699000820
85699000821
85699000822
85699000823
85699000824
85699000825
85699000826
85699000827
85699000828
85699000829
85699000830
85699000831
85699000832
85699000833
85699000834
85699000835
85699000836
85699000837
85699000838
85699000839
85699000840
85699000841
85699000842
85699000843
85699000844
85699000845
85699000846
85699000847
85699000848
85699000849
85699000850
85699000851
85699000852
85699000853
85699000854
85699000855
85699000856
85699000857
85699000858
85699000859
85699000860
85699000861
85699000862
85699000863
85699000864
85699000865
85699000866
85699000867
85699000868
85699000869
85699000870
85699000871
85699000872
85699000873
85699000874
85699000875
85699000876
85699000877
85699000878
85699000879
85699000880
85699000881
85699000882
85699000883
85699000884
85699000885
85699000886
85699000887
85699000888
85699000889
85699000890
85699000891
85699000892
85699000893
85699000894
85699000895
85699000896
85699000897
85699000898
85699000899
85699000900
85699000901
85699000902
85699000903
85699000904
85699000905
85699000906
85699000907
85699000908
85699000909
85699000910
85699000911
85699000912
85699000913
85699000914
85699000915
85699000916
85699000917
85699000918
85699000919
85699000920
85699000921
85699000922
85699000923
85699000924
85699000925
85699000926
85699000927
85699000928
85699000929
85699000930
85699000931
85699000932
85699000933
85699000934
85699000935
85699000936
85699000937
85699000938
85699000939
85699000940
85699000941
85699000942
85699000943
85699000944
85699000945
85699000946
85699000947
85699000948
85699000949
85699000950
85699000951
85699000952
85699000953
85699000954
85699000955
85699000956
85699000957
85699000958
85699000959
85699000960
85699000961
85699000962
85699000963
85699000964
85699000965
85699000966
85699000967
85699000968
85699000969
85699000970
85699000971
85699000972
85699000973
85699000974
85699000975
85699000976
85699000977
85699000978
85699000979
85699000980
85699000981
85699000982
85699000983
85699000984
85699000985
85699000986
85699000987
85699000988
85699000989
85699000990
85699000991
85699000992
85699000993
85699000994
85699000995
85699000996
85699000997
85699000998
85699000999
