2230000000
2230000001
2230000002
2230000003
2230000004
2230000005
2230000006
2230000007
2230000008
2230000009
2230000010
2230000011
2230000012
2230000013
2230000014
2230000015
2230000016
2230000017
2230000018
2230000019
2230000020
2230000021
2230000022
2230000023
2230000024
2230000025
2230000026
2230000027
2230000028
2230000029
2230000030
2230000031
2230000032
2230000033
2230000034
2230000035
2230000036
2230000037
2230000038
2230000039
2230000040
2230000041
2230000042
2230000043
2230000044
2230000045
2230000046
2230000047
2230000048
2230000049
2230000050
2230000051
2230000052
2230000053
2230000054
2230000055
2230000056
2230000057
2230000058
2230000059
2230000060
2230000061
2230000062
2230000063
2230000064
2230000065
2230000066
2230000067
2230000068
2230000069
2230000070
2230000071
2230000072
2230000073
2230000074
2230000075
2230000076
2230000077
2230000078
2230000079
2230000080
2230000081
2230000082
2230000083
2230000084
2230000085
2230000086
2230000087
2230000088
2230000089
2230000090
2230000091
2230000092
2230000093
2230000094
2230000095
2230000096
2230000097
2230000098
2230000099
2230000100
2230000101
2230000102
2230000103
2230000104
2230000105
2230000106
2230000107
2230000108
2230000109
2230000110
2230000111
2230000112
2230000113
2230000114
2230000115
2230000116
2230000117
2230000118
2230000119
2230000120
2230000121
2230000122
2230000123
2230000124
2230000125
2230000126
2230000127
2230000128
2230000129
2230000130
2230000131
2230000132
2230000133
2230000134
2230000135
2230000136
2230000137
2230000138
2230000139
2230000140
2230000141
2230000142
2230000143
2230000144
2230000145
2230000146
2230000147
2230000148
2230000149
2230000150
2230000151
2230000152
2230000153
2230000154
2230000155
2230000156
2230000157
2230000158
2230000159
2230000160
2230000161
2230000162
2230000163
2230000164
2230000165
2230000166
2230000167
2230000168
2230000169
2230000170
2230000171
2230000172
2230000173
2230000174
2230000175
2230000176
2230000177
2230000178
2230000179
2230000180
2230000181
2230000182
2230000183
2230000184
2230000185
2230000186
2230000187
2230000188
2230000189
2230000190
2230000191
2230000192
2230000193
2230000194
2230000195
2230000196
2230000197
2230000198
2230000199
2230000200
2230000201
2230000202
2230000203
2230000204
2230000205
2230000206
2230000207
2230000208
2230000209
2230000210
2230000211
2230000212
2230000213
2230000214
2230000215
2230000216
2230000217
2230000218
2230000219
2230000220
2230000221
2230000222
2230000223
2230000224
2230000225
2230000226
2230000227
2230000228
2230000229
2230000230
2230000231
2230000232
2230000233
2230000234
2230000235
2230000236
2230000237
2230000238
2230000239
2230000240
2230000241
2230000242
2230000243
2230000244
2230000245
2230000246
2230000247
2230000248
2230000249
2230000250
2230000251
2230000252
2230000253
2230000254
2230000255
2230000256
2230000257
2230000258
2230000259
2230000260
2230000261
2230000262
2230000263
2230000264
2230000265
2230000266
2230000267
2230000268
2230000269
2230000270
2230000271
2230000272
2230000273
2230000274
2230000275
2230000276
2230000277
2230000278
2230000279
2230000280
2230000281
2230000282
2230000283
2230000284
2230000285
2230000286
2230000287
2230000288
2230000289
2230000290
2230000291
2230000292
2230000293
2230000294
2230000295
2230000296
2230000297
2230000298
2230000299
2230000300
2230000301
2230000302
2230000303
2230000304
2230000305
2230000306
2230000307
2230000308
2230000309
2230000310
2230000311
2230000312
2230000313
2230000314
2230000315
2230000316
2230000317
2230000318
2230000319
2230000320
2230000321
2230000322
2230000323
2230000324
2230000325
2230000326
2230000327
2230000328
2230000329
2230000330
2230000331
2230000332
2230000333
2230000334
2230000335
2230000336
2230000337
2230000338
2230000339
2230000340
2230000341
2230000342
2230000343
2230000344
2230000345
2230000346
2230000347
2230000348
2230000349
2230000350
2230000351
2230000352
2230000353
2230000354
2230000355
2230000356
2230000357
2230000358
2230000359
2230000360
2230000361
2230000362
2230000363
2230000364
2230000365
2230000366
2230000367
2230000368
2230000369
2230000370
2230000371
2230000372
2230000373
2230000374
2230000375
2230000376
2230000377
2230000378
2230000379
2230000380
2230000381
2230000382
2230000383
2230000384
2230000385
2230000386
2230000387
2230000388
2230000389
2230000390
2230000391
2230000392
2230000393
2230000394
2230000395
2230000396
2230000397
2230000398
2230000399
2230000400
2230000401
2230000402
2230000403
2230000404
2230000405
2230000406
2230000407
2230000408
2230000409
2230000410
2230000411
2230000412
2230000413
2230000414
2230000415
2230000416
2230000417
2230000418
2230000419
2230000420
2230000421
2230000422
2230000423
2230000424
2230000425
2230000426
2230000427
2230000428
2230000429
2230000430
2230000431
2230000432
2230000433
2230000434
2230000435
2230000436
2230000437
2230000438
2230000439
2230000440
2230000441
2230000442
2230000443
2230000444
2230000445
2230000446
2230000447
2230000448
2230000449
2230000450
2230000451
2230000452
2230000453
2230000454
2230000455
2230000456
2230000457
2230000458
2230000459
2230000460
2230000461
2230000462
2230000463
2230000464
2230000465
2230000466
2230000467
2230000468
2230000469
2230000470
2230000471
2230000472
2230000473
2230000474
2230000475
2230000476
2230000477
2230000478
2230000479
2230000480
2230000481
2230000482
2230000483
2230000484
2230000485
2230000486
2230000487
2230000488
2230000489
2230000490
2230000491
2230000492
2230000493
2230000494
2230000495
2230000496
2230000497
2230000498
2230000499
2230000500
2230000501
2230000502
2230000503
2230000504
2230000505
2230000506
2230000507
2230000508
2230000509
2230000510
2230000511
2230000512
2230000513
2230000514
2230000515
2230000516
2230000517
2230000518
2230000519
2230000520
2230000521
2230000522
2230000523
2230000524
2230000525
2230000526
2230000527
2230000528
2230000529
2230000530
2230000531
2230000532
2230000533
2230000534
2230000535
2230000536
2230000537
2230000538
2230000539
2230000540
2230000541
2230000542
2230000543
2230000544
2230000545
2230000546
2230000547
2230000548
2230000549
2230000550
2230000551
2230000552
2230000553
2230000554
2230000555
2230000556
2230000557
2230000558
2230000559
2230000560
2230000561
2230000562
2230000563
2230000564
2230000565
2230000566
2230000567
2230000568
2230000569
2230000570
2230000571
2230000572
2230000573
2230000574
2230000575
2230000576
2230000577
2230000578
2230000579
2230000580
2230000581
2230000582
2230000583
2230000584
2230000585
2230000586
2230000587
2230000588
2230000589
2230000590
2230000591
2230000592
2230000593
2230000594
2230000595
2230000596
2230000597
2230000598
2230000599
2230000600
2230000601
2230000602
2230000603
2230000604
2230000605
2230000606
2230000607
2230000608
2230000609
2230000610
2230000611
2230000612
2230000613
2230000614
2230000615
2230000616
2230000617
2230000618
2230000619
2230000620
2230000621
2230000622
2230000623
2230000624
2230000625
2230000626
2230000627
2230000628
2230000629
2230000630
2230000631
2230000632
2230000633
2230000634
2230000635
2230000636
2230000637
2230000638
2230000639
2230000640
2230000641
2230000642
2230000643
2230000644
2230000645
2230000646
2230000647
2230000648
2230000649
2230000650
2230000651
2230000652
2230000653
2230000654
2230000655
2230000656
2230000657
2230000658
2230000659
2230000660
2230000661
2230000662
2230000663
2230000664
2230000665
2230000666
2230000667
2230000668
2230000669
2230000670
2230000671
2230000672
2230000673
2230000674
2230000675
2230000676
2230000677
2230000678
2230000679
2230000680
2230000681
2230000682
2230000683
2230000684
2230000685
2230000686
2230000687
2230000688
2230000689
2230000690
2230000691
2230000692
2230000693
2230000694
2230000695
2230000696
2230000697
2230000698
2230000699
2230000700
2230000701
2230000702
2230000703
2230000704
2230000705
2230000706
2230000707
2230000708
2230000709
2230000710
2230000711
2230000712
2230000713
2230000714
2230000715
2230000716
2230000717
2230000718
2230000719
2230000720
2230000721
2230000722
2230000723
2230000724
2230000725
2230000726
2230000727
2230000728
2230000729
2230000730
2230000731
2230000732
2230000733
2230000734
2230000735
2230000736
2230000737
2230000738
2230000739
2230000740
2230000741
2230000742
2230000743
2230000744
2230000745
2230000746
2230000747
2230000748
2230000749
2230000750
2230000751
2230000752
2230000753
2230000754
2230000755
2230000756
2230000757
2230000758
2230000759
2230000760
2230000761
2230000762
2230000763
2230000764
2230000765
2230000766
2230000767
2230000768
2230000769
2230000770
2230000771
2230000772
2230000773
2230000774
2230000775
2230000776
2230000777
2230000778
2230000779
2230000780
2230000781
2230000782
2230000783
2230000784
2230000785
2230000786
2230000787
2230000788
2230000789
2230000790
2230000791
2230000792
2230000793
2230000794
2230000795
2230000796
2230000797
2230000798
2230000799
2230000800
2230000801
2230000802
2230000803
2230000804
2230000805
2230000806
2230000807
2230000808
2230000809
2230000810
2230000811
2230000812
2230000813
2230000814
2230000815
2230000816
2230000817
2230000818
2230000819
2230000820
2230000821
2230000822
2230000823
2230000824
2230000825
2230000826
2230000827
2230000828
2230000829
2230000830
2230000831
2230000832
2230000833
2230000834
2230000835
2230000836
2230000837
2230000838
2230000839
2230000840
2230000841
2230000842
2230000843
2230000844
2230000845
2230000846
2230000847
2230000848
2230000849
2230000850
2230000851
2230000852
2230000853
2230000854
2230000855
2230000856
2230000857
2230000858
2230000859
2230000860
2230000861
2230000862
2230000863
2230000864
2230000865
2230000866
2230000867
2230000868
2230000869
2230000870
2230000871
2230000872
2230000873
2230000874
2230000875
2230000876
2230000877
2230000878
2230000879
2230000880
2230000881
2230000882
2230000883
2230000884
2230000885
2230000886
2230000887
2230000888
2230000889
2230000890
2230000891
2230000892
2230000893
2230000894
2230000895
2230000896
2230000897
2230000898
2230000899
2230000900
2230000901
2230000902
2230000903
2230000904
2230000905
2230000906
2230000907
2230000908
2230000909
2230000910
2230000911
2230000912
2230000913
2230000914
2230000915
2230000916
2230000917
2230000918
2230000919
2230000920
2230000921
2230000922
2230000923
2230000924
2230000925
2230000926
2230000927
2230000928
2230000929
2230000930
2230000931
2230000932
2230000933
2230000934
2230000935
2230000936
2230000937
2230000938
2230000939
2230000940
2230000941
2230000942
2230000943
2230000944
2230000945
2230000946
2230000947
2230000948
2230000949
2230000950
2230000951
2230000952
2230000953
2230000954
2230000955
2230000956
2230000957
2230000958
2230000959
2230000960
2230000961
2230000962
2230000963
2230000964
2230000965
2230000966
2230000967
2230000968
2230000969
2230000970
2230000971
2230000972
2230000973
2230000974
2230000975
2230000976
2230000977
2230000978
2230000979
2230000980
2230000981
2230000982
2230000983
2230000984
2230000985
2230000986
2230000987
2230000988
2230000989
2230000990
2230000991
2230000992
2230000993
2230000994
2230000995
2230000996
2230000997
2230000998
2230000999
2230001000
2230001001
2230001002
2230001003
2230001004
2230001005
2230001006
2230001007
2230001008
2230001009
2230001010
2230001011
2230001012
2230001013
2230001014
2230001015
2230001016
2230001017
2230001018
2230001019
2230001020
2230001021
2230001022
2230001023
2230001024
2230001025
2230001026
2230001027
2230001028
2230001029
2230001030
2230001031
2230001032
2230001033
2230001034
2230001035
2230001036
2230001037
2230001038
2230001039
2230001040
2230001041
2230001042
2230001043
2230001044
2230001045
2230001046
2230001047
2230001048
2230001049
2230001050
2230001051
2230001052
2230001053
2230001054
2230001055
2230001056
2230001057
2230001058
2230001059
2230001060
2230001061
2230001062
2230001063
2230001064
2230001065
2230001066
2230001067
2230001068
2230001069
2230001070
2230001071
2230001072
2230001073
2230001074
2230001075
2230001076
2230001077
2230001078
2230001079
2230001080
2230001081
2230001082
2230001083
2230001084
2230001085
2230001086
2230001087
2230001088
2230001089
2230001090
2230001091
2230001092
2230001093
2230001094
2230001095
2230001096
2230001097
2230001098
2230001099
2230001100
2230001101
2230001102
2230001103
2230001104
2230001105
2230001106
2230001107
2230001108
2230001109
2230001110
2230001111
2230001112
2230001113
2230001114
2230001115
2230001116
2230001117
2230001118
2230001119
2230001120
2230001121
2230001122
2230001123
2230001124
2230001125
2230001126
2230001127
2230001128
2230001129
2230001130
2230001131
2230001132
2230001133
2230001134
2230001135
2230001136
2230001137
2230001138
2230001139
2230001140
2230001141
2230001142
2230001143
2230001144
2230001145
2230001146
2230001147
2230001148
2230001149
2230001150
2230001151
2230001152
2230001153
2230001154
2230001155
2230001156
2230001157
2230001158
2230001159
2230001160
2230001161
2230001162
2230001163
2230001164
2230001165
2230001166
2230001167
2230001168
2230001169
2230001170
2230001171
2230001172
2230001173
2230001174
2230001175
2230001176
2230001177
2230001178
2230001179
2230001180
2230001181
2230001182
2230001183
2230001184
2230001185
2230001186
2230001187
2230001188
2230001189
2230001190
2230001191
2230001192
2230001193
2230001194
2230001195
2230001196
2230001197
2230001198
2230001199
